{
 "cells": [
  {
   "cell_type": "code",
   "execution_count": 5,
   "id": "5d4ebeb8",
   "metadata": {},
   "outputs": [
    {
     "name": "stdout",
     "output_type": "stream",
     "text": [
      "Enter the path to the .wav file: C:/Users/apurv/CF_Chirp.wav\n",
      "Loaded audio data with shape: (220160, 7), sample rate: 44100\n",
      "Computed cross-correlation matrix:\n",
      "[[ 0.          0.28491601  0.653055    0.50028254  0.2679544   0.7817931\n",
      "   0.31617419]\n",
      " [ 0.28491601  0.          0.24844725  0.2424309   0.4676755   0.38517167\n",
      "   0.60873859]\n",
      " [ 0.653055    0.24844725  0.         -0.00903556  0.07497526  0.27526692\n",
      "   0.53860791]\n",
      " [ 0.50028254  0.2424309  -0.00903556  0.          0.74659629  0.82955869\n",
      "  -0.26409262]\n",
      " [ 0.2679544   0.4676755   0.07497526  0.74659629  0.          0.55841123\n",
      "  -0.20016882]\n",
      " [ 0.7817931   0.38517167  0.27526692  0.82955869  0.55841123  0.\n",
      "   0.08725303]\n",
      " [ 0.31617419  0.60873859  0.53860791 -0.26409262 -0.20016882  0.08725303\n",
      "   0.        ]]\n",
      "Reliable Channels:\n",
      "Channels 0 and 2 have high correlation.\n",
      "Channels 0 and 3 have high correlation.\n",
      "Channels 0 and 5 have high correlation.\n",
      "Channels 1 and 6 have high correlation.\n",
      "Channels 2 and 6 have high correlation.\n",
      "Channels 3 and 4 have high correlation.\n",
      "Channels 3 and 5 have high correlation.\n",
      "Channels 4 and 5 have high correlation.\n",
      "Program execution completed.\n"
     ]
    }
   ],
   "source": [
    "import numpy as np\n",
    "import scipy.signal as signal\n",
    "import soundfile as sf\n",
    "\n",
    "def preprocess_audio(audio_data):\n",
    "    # Perform preprocessing such as noise reduction, normalization, etc.\n",
    "    # For demonstration, let's assume no preprocessing is needed\n",
    "    return audio_data\n",
    "\n",
    "def compute_mccr(audio_data):\n",
    "    # Compute Multichannel Cross-Correlation Coefficients (MCCR)\n",
    "    num_channels = audio_data.shape[1]\n",
    "    mccr_matrix = np.zeros((num_channels, num_channels))\n",
    "\n",
    "    for i in range(num_channels):\n",
    "        for j in range(num_channels):\n",
    "            if i != j:  # Exclude auto-correlation\n",
    "                # Compute MCCR between channel i and channel j\n",
    "                mccr_value = np.corrcoef(audio_data[:, i], audio_data[:, j])[0, 1]\n",
    "                mccr_matrix[i, j] = mccr_value\n",
    "\n",
    "    return mccr_matrix\n",
    "\n",
    "\n",
    "def select_reliable_channels(correlation_matrix, threshold):\n",
    "    # Identify channels with correlation above a certain threshold\n",
    "    reliable_channels = []\n",
    "    num_channels = correlation_matrix.shape[0]\n",
    "\n",
    "    # Loop through correlation matrix to find reliable channels\n",
    "    for i in range(num_channels):\n",
    "        for j in range(i+1, num_channels):  # Avoid redundant comparisons\n",
    "            if correlation_matrix[i, j] > threshold:\n",
    "                reliable_channels.append((i, j))\n",
    "\n",
    "    return reliable_channels\n",
    "\n",
    "def main():\n",
    "    # Load multichannel audio data from .wav file\n",
    "    file_path = input(\"Enter the path to the .wav file: \")\n",
    "    audio_data, sample_rate = sf.read(file_path)\n",
    "\n",
    "    print(f\"Loaded audio data with shape: {audio_data.shape}, sample rate: {sample_rate}\")\n",
    "\n",
    "    # Preprocess audio data (for demonstration, assuming no preprocessing)\n",
    "    preprocessed_audio_data = preprocess_audio(audio_data)\n",
    "\n",
    "    # Compute cross-correlation coefficients\n",
    "    correlation_matrix = compute_mccr(preprocessed_audio_data)\n",
    "\n",
    "    print(\"Computed cross-correlation matrix:\")\n",
    "    print(correlation_matrix)\n",
    "\n",
    "    # Select reliable channels (lowering the threshold to 0.5 for demonstration)\n",
    "    reliable_channels = select_reliable_channels(correlation_matrix, threshold=0.5)\n",
    "\n",
    "    if reliable_channels:\n",
    "        print(\"Reliable Channels:\")\n",
    "        for channel_pair in reliable_channels:\n",
    "            print(f\"Channels {channel_pair[0]} and {channel_pair[1]} have high correlation.\")\n",
    "    else:\n",
    "        print(\"No reliable channels found even with a lower threshold. Check the input data or try adjusting the threshold.\")\n",
    "\n",
    "    print(\"Program execution completed.\")\n",
    "\n",
    "if __name__ == \"__main__\":\n",
    "    main()\n"
   ]
  },
  {
   "cell_type": "code",
   "execution_count": null,
   "id": "25ca1f8b",
   "metadata": {},
   "outputs": [],
   "source": []
  }
 ],
 "metadata": {
  "kernelspec": {
   "display_name": "Python 3 (ipykernel)",
   "language": "python",
   "name": "python3"
  },
  "language_info": {
   "codemirror_mode": {
    "name": "ipython",
    "version": 3
   },
   "file_extension": ".py",
   "mimetype": "text/x-python",
   "name": "python",
   "nbconvert_exporter": "python",
   "pygments_lexer": "ipython3",
   "version": "3.9.13"
  }
 },
 "nbformat": 4,
 "nbformat_minor": 5
}
